en 0.110642 0.066348 0.923125 0.053208 0.031375 0.664641 0.110323 0.066162 0.921279 0.110345 0.066173 0.921568
en 318.65 191.082 2658.6 153.24 90.359 1914.167 317.729 190.545 2653.283 317.794 190.579 2654.117
zh 0.003456 0.002333 0.011111 0.001419 0.000859 0.00625 0.003456 0.002333 0.011111 0.003379 0.002283 0.010937
zh 9.954 6.718 32.0 4.087 2.473 18.0 9.954 6.718 32.0 9.732 6.575 31.5
es 0.099852 0.057862 0.819462 0.051086 0.029117 0.621247 0.099485 0.057662 0.816438 0.09953 0.057686 0.816976
es 287.575 166.642 2360.05 147.128 83.857 1789.19 286.518 166.068 2351.342 286.647 166.135 2352.892
de 0.139003 0.091845 0.834601 0.07649 0.051357 0.616638 0.138911 0.091793 0.834167 0.138929 0.091803 0.834253
de 400.329 264.515 2403.65 220.291 147.91 1775.917 400.063 264.364 2402.4 400.114 264.393 2402.65
ru 0.007135 0.006414 0.010417 9e-05 4.7e-05 0.001042 0.007135 0.006414 0.010417 0.007135 0.006414 0.010417
ru 20.55 18.471 30.0 0.259 0.136 3.0 20.55 18.471 30.0 20.55 18.471 30.0
id 0.16189 0.123697 0.683258 0.091015 0.073805 0.485243 0.161537 0.123463 0.68151 0.161565 0.123478 0.681782
id 466.244 356.247 1967.783 262.123 212.558 1397.5 465.225 355.573 1962.75 465.306 355.616 1963.533
vi 0.106734 0.079127 0.620434 0.055012 0.043028 0.438094 0.105959 0.078549 0.617966 0.105985 0.078563 0.618263
vi 307.394 227.885 1786.849 158.434 123.921 1261.712 305.161 226.222 1779.741 305.236 226.262 1780.598
fa 0.0 0.0 0.0 0.0 0.0 0.0 0.0 0.0 0.0 0.0 0.0 0.0
fa 0.0 0.0 0.0 0.0 0.0 0.0 0.0 0.0 0.0 0.0 0.0 0.0
uk 0.003174 0.002731 0.005556 9.8e-05 5.2e-05 0.001042 0.003174 0.002731 0.005556 0.003174 0.002731 0.005556
uk 9.141 7.866 16.0 0.282 0.148 3.0 9.141 7.866 16.0 9.141 7.866 16.0
sv 0.16593 0.152743 0.27636 0.122456 0.115141 0.199711 0.165419 0.152294 0.275492 0.165419 0.152294 0.275492
sv 477.878 439.901 795.917 352.674 331.605 575.167 476.407 438.607 793.417 476.407 438.607 793.417
th 0.002763 0.002454 0.003819 0.0 0.0 0.0 0.002763 0.002454 0.003819 0.002763 0.002454 0.003819
th 7.958 7.067 11.0 0.0 0.0 0.0 7.958 7.067 11.0 7.958 7.067 11.0
ja 0.009018 0.007195 0.021528 0.000202 0.00012 0.001042 0.009018 0.007195 0.021528 0.009018 0.007195 0.021528
ja 25.973 20.723 62.0 0.582 0.346 3.0 25.973 20.723 62.0 25.973 20.723 62.0
ro 0.348686 0.333437 0.491846 0.249026 0.236712 0.353287 0.347899 0.332789 0.490515 0.347939 0.33281 0.490804
ro 1004.217 960.299 1416.517 717.195 681.731 1017.467 1001.949 958.431 1412.683 1002.063 958.493 1413.517
hu 0.008795 0.008761 0.012216 0.005685 0.005673 0.008588 0.008795 0.008761 0.012216 0.008795 0.008761 0.012216
hu 25.33 25.232 35.183 16.374 16.339 24.733 25.33 25.232 35.183 25.33 25.232 35.183
bg 0.008477 0.007572 0.012847 0.0 0.0 0.0 0.008477 0.007572 0.012847 0.008477 0.007572 0.012847
bg 24.415 21.806 37.0 0.0 0.0 0.0 24.415 21.806 37.0 24.415 21.806 37.0
fr 0.111347 0.06781 0.884919 0.058853 0.03635 0.671881 0.111054 0.06765 0.882431 0.111108 0.067679 0.883258
fr 320.679 195.292 2548.567 169.498 104.687 1935.017 319.836 194.832 2541.4 319.991 194.916 2543.783
fi 0.018626 0.016092 0.035185 0.012068 0.010599 0.022338 0.018626 0.016092 0.035185 0.018626 0.016092 0.035185
fi 53.643 46.345 101.333 34.756 30.527 64.333 53.643 46.345 101.333 53.643 46.345 101.333
ko 0.003103 0.002683 0.004514 5.8e-05 3.2e-05 0.000347 0.003103 0.002683 0.004514 0.003103 0.002683 0.004514
ko 8.936 7.726 13.0 0.167 0.091 1.0 8.936 7.726 13.0 8.936 7.726 13.0
it 0.135393 0.089412 0.792321 0.071887 0.049081 0.571152 0.135021 0.089182 0.790613 0.135043 0.089194 0.790845
it 389.932 257.507 2281.883 207.033 141.354 1644.917 388.86 256.845 2276.967 388.924 256.879 2277.633
